genomeMap = [0.000000 0.010000 0.020000 0.030000 0.040000 0.050000 0.060000 0.070000 0.080000 0.090000 0.100000 0.110000 0.120000 0.130000 0.140000 0.150000 0.160000 0.170000 0.180000 0.190000 0.200000 0.210000 0.220000 0.230000 0.240000 0.250000 0.260000 0.270000 0.280000 0.290000 0.300000 0.310000 0.320000 0.330000 0.340000 0.350000 0.360000 0.370000 0.380000 0.390000 0.400000 0.410000 0.420000 0.430000 0.440000 0.450000 0.460000 0.470000 0.480000 0.490000 0.500000 0.510000 0.520000 0.530000 0.540000 0.550000 0.560000 0.570000 0.580000 0.590000 0.600000 0.610000 0.620000 0.630000 0.640000 0.650000 0.660000 0.670000 0.680000 0.690000 0.700000 0.710000 0.720000 0.730000 0.740000 0.750000 0.760000 0.770000 0.780000 0.790000 0.800000 0.810000 0.820000 0.830000 0.840000 0.850000 0.860000 0.870000 0.880000 0.890000 0.900000 0.910000 0.920000 0.930000 0.940000 0.950000 0.960000 0.970000 0.980000 0.990000 1.000000 1.010000 1.020000 1.030000 1.040000 1.050000 1.060000 1.070000 1.080000 1.090000 1.100000 1.110000 1.120000 1.130000 1.140000 1.150000 1.160000 1.170000 1.180000 1.190000 1.200000 1.210000 1.220000 1.230000 1.240000 1.250000 1.260000 1.270000 1.280000 1.290000 1.300000 1.310000 1.320000 1.330000 1.340000 1.350000 1.360000 1.370000 1.380000 1.390000 1.400000 1.410000 1.420000 1.430000 1.440000 1.450000 1.460000 1.470000 1.480000 1.490000 1.500000 1.510000 1.520000 1.530000 1.540000 1.550000 1.560000 1.570000 1.580000 1.590000 1.600000 1.610000 1.620000 1.630000 1.640000 1.650000 1.660000 1.670000 1.680000 1.690000 1.700000 1.710000 1.720000 1.730000 1.740000 1.750000 1.760000 1.770000 1.780000 1.790000 1.800000 1.810000 1.820000 1.830000 1.840000 1.850000 1.860000 1.870000 1.880000 1.890000 1.900000 1.910000 1.920000 1.930000 1.940000 1.950000 1.960000 1.970000 1.980000 1.990000 2.090000 2.190000 2.290000 2.390000 2.490000 2.590000 2.690000 2.790000 2.890000 2.990000 3.090000 3.190000 3.290000 3.390000 3.490000 3.590000 3.690000 3.790000 3.890000 3.990000 4.090000 4.190000 4.290000 4.390000 4.490000 4.590000 4.690000 4.790000 4.890000 4.990000 5.090000 5.190000 5.290000 5.390000 5.490000 5.590000 5.690000 5.790000 5.890000 5.990000 6.090000 6.190000 6.290000 6.390000 6.490000 6.590000 6.690000 6.790000 6.890000 6.990000 7.090000 7.190000 7.290000 7.390000 7.490000 7.590000 7.690000 7.790000 7.890000 7.990000 8.090000 8.190000 8.290000 8.390000 8.490000 8.590000 8.690000 8.790000 8.890000 8.990000 9.090000 9.190000 9.290000 9.390000 9.490000 9.590000 9.690000 9.790000 9.890000 9.990000 10.090000 10.190000 10.290000 10.390000 10.490000 10.590000 10.690000 10.790000 10.890000 10.990000 11.090000 11.190000 11.290000 11.390000 11.490000 11.590000 11.690000 11.790000 11.890000 11.990000 12.090000 12.190000 12.290000 12.390000 12.490000 12.590000 12.690000 12.790000 12.890000 12.990000 13.090000 13.190000 13.290000 13.390000 13.490000 13.590000 13.690000 13.790000 13.890000 13.990000 14.090000 14.190000 14.290000 14.390000 14.490000 14.590000 14.690000 14.790000 14.890000 14.990000 15.090000 15.190000 15.290000 15.390000 15.490000 15.590000 15.690000 15.790000 15.890000 15.990000 16.090000 16.190000 16.290000 16.390000 16.490000 16.590000 16.690000 16.790000 16.890000 16.990000 17.090000 17.190000 17.290000 17.390000 17.490000 17.590000 17.690000 17.790000 17.890000 17.990000 18.090000 18.190000 18.290000 18.390000 18.490000 18.590000 18.690000 18.790000 18.890000 18.990000 19.090000 19.190000 19.290000 19.390000 19.490000 19.590000 19.690000 19.790000 19.890000 19.990000 20.090000 20.190000 20.290000 20.390000 20.490000 20.590000 20.690000 20.790000 20.890000 20.990000 21.090000 21.190000 21.290000 21.390000 21.490000 21.590000 21.690000 21.790000 21.890000 21.990000 ];

regionMembership = [0 0 0 0 0 0 0 0 0 0 0 0 0 0 0 0 0 0 0 0 0 0 0 0 0 0 0 0 0 0 0 0 0 0 0 0 0 0 0 0 0 0 0 0 0 0 0 0 0 0 0 0 0 0 0 0 0 0 0 0 0 0 0 0 0 0 0 0 0 0 0 0 0 0 0 0 0 0 0 0 0 0 0 0 0 0 0 0 0 0 0 0 0 0 0 0 0 0 0 0 0 0 0 0 0 0 0 0 0 0 0 0 0 0 0 0 0 0 0 0 0 0 0 0 0 0 0 0 0 0 0 0 0 0 0 0 0 0 0 0 0 0 0 0 0 0 0 0 0 0 0 0 0 0 0 0 0 0 0 0 0 0 0 0 0 0 0 0 0 0 0 0 0 0 0 0 0 0 0 0 0 0 0 0 0 0 0 0 0 0 0 0 0 0 0 0 0 0 0 0 1 1 1 1 1 1 1 1 1 1 1 1 1 1 1 1 1 1 1 1 1 1 1 1 1 1 1 1 1 1 1 1 1 1 1 1 1 1 1 1 1 1 1 1 1 1 1 1 1 1 1 1 1 1 1 1 1 1 1 1 1 1 1 1 1 1 1 1 1 1 1 1 1 1 1 1 1 1 1 1 1 1 1 1 1 1 1 1 1 1 1 1 1 1 1 1 1 1 1 1 1 1 1 1 1 1 1 1 1 1 1 1 1 1 1 1 1 1 1 1 1 1 1 1 1 1 1 1 1 1 1 1 1 1 1 1 1 1 1 1 1 1 1 1 1 1 1 1 1 1 1 1 1 1 1 1 1 1 1 1 1 1 1 1 1 1 1 1 1 1 1 1 1 1 1 1 1 1 1 1 1 1 1 1 1 1 1 1 1 1 1 1 1 1 1 1 1 1 1 1 ];

windowMembership = [0 0 0 0 0 0 0 0 0 0 0 0 0 0 0 0 0 0 0 0 1 1 1 1 1 1 1 1 1 1 1 1 1 1 1 1 1 1 1 1 2 2 2 2 2 2 2 2 2 2 2 2 2 2 2 2 2 2 2 2 3 3 3 3 3 3 3 3 3 3 3 3 3 3 3 3 3 3 3 3 4 4 4 4 4 4 4 4 4 4 4 4 4 4 4 4 4 4 4 4 5 5 5 5 5 5 5 5 5 5 5 5 5 5 5 5 5 5 5 5 6 6 6 6 6 6 6 6 6 6 6 6 6 6 6 6 6 6 6 6 7 7 7 7 7 7 7 7 7 7 7 7 7 7 7 7 7 7 7 7 8 8 8 8 8 8 8 8 8 8 8 8 8 8 8 8 8 8 8 8 9 9 9 9 9 9 9 9 9 9 9 9 9 9 9 9 9 9 9 9 10 10 10 10 10 10 10 10 10 10 10 10 10 10 10 10 10 10 10 10 11 11 11 11 11 11 11 11 11 11 11 11 11 11 11 11 11 11 11 11 12 12 12 12 12 12 12 12 12 12 12 12 12 12 12 12 12 12 12 12 13 13 13 13 13 13 13 13 13 13 13 13 13 13 13 13 13 13 13 13 14 14 14 14 14 14 14 14 14 14 14 14 14 14 14 14 14 14 14 14 15 15 15 15 15 15 15 15 15 15 15 15 15 15 15 15 15 15 15 15 16 16 16 16 16 16 16 16 16 16 16 16 16 16 16 16 16 16 16 16 17 17 17 17 17 17 17 17 17 17 17 17 17 17 17 17 17 17 17 17 18 18 18 18 18 18 18 18 18 18 18 18 18 18 18 18 18 18 18 18 19 19 19 19 19 19 19 19 19 19 19 19 19 19 19 19 19 19 19 19 ];

regionFlags = [1 0 0 0 0 0 0 0 0 0 0 0 0 0 0 0 0 0 0 0 0 0 0 0 0 0 0 0 0 0 0 0 0 0 0 0 0 0 0 0 0 0 0 0 0 0 0 0 0 0 0 0 0 0 0 0 0 0 0 0 0 0 0 0 0 0 0 0 0 0 0 0 0 0 0 0 0 0 0 0 0 0 0 0 0 0 0 0 0 0 0 0 0 0 0 0 0 0 0 0 0 0 0 0 0 0 0 0 0 0 0 0 0 0 0 0 0 0 0 0 0 0 0 0 0 0 0 0 0 0 0 0 0 0 0 0 0 0 0 0 0 0 0 0 0 0 0 0 0 0 0 0 0 0 0 0 0 0 0 0 0 0 0 0 0 0 0 0 0 0 0 0 0 0 0 0 0 0 0 0 0 0 0 0 0 0 0 0 0 0 0 0 0 0 0 0 0 0 0 2 1 0 0 0 0 0 0 0 0 0 0 0 0 0 0 0 0 0 0 0 0 0 0 0 0 0 0 0 0 0 0 0 0 0 0 0 0 0 0 0 0 0 0 0 0 0 0 0 0 0 0 0 0 0 0 0 0 0 0 0 0 0 0 0 0 0 0 0 0 0 0 0 0 0 0 0 0 0 0 0 0 0 0 0 0 0 0 0 0 0 0 0 0 0 0 0 0 0 0 0 0 0 0 0 0 0 0 0 0 0 0 0 0 0 0 0 0 0 0 0 0 0 0 0 0 0 0 0 0 0 0 0 0 0 0 0 0 0 0 0 0 0 0 0 0 0 0 0 0 0 0 0 0 0 0 0 0 0 0 0 0 0 0 0 0 0 0 0 0 0 0 0 0 0 0 0 0 0 0 0 0 0 0 0 0 0 0 0 0 0 0 0 0 0 0 0 0 0 0 2 ];

windowFlags = [1 0 0 0 0 0 0 0 0 0 0 0 0 0 0 0 0 0 0 2 1 0 0 0 0 0 0 0 0 0 0 0 0 0 0 0 0 0 0 2 1 0 0 0 0 0 0 0 0 0 0 0 0 0 0 0 0 0 0 2 1 0 0 0 0 0 0 0 0 0 0 0 0 0 0 0 0 0 0 2 1 0 0 0 0 0 0 0 0 0 0 0 0 0 0 0 0 0 0 2 1 0 0 0 0 0 0 0 0 0 0 0 0 0 0 0 0 0 0 2 1 0 0 0 0 0 0 0 0 0 0 0 0 0 0 0 0 0 0 2 1 0 0 0 0 0 0 0 0 0 0 0 0 0 0 0 0 0 0 2 1 0 0 0 0 0 0 0 0 0 0 0 0 0 0 0 0 0 0 2 1 0 0 0 0 0 0 0 0 0 0 0 0 0 0 0 0 0 0 2 1 0 0 0 0 0 0 0 0 0 0 0 0 0 0 0 0 0 0 2 1 0 0 0 0 0 0 0 0 0 0 0 0 0 0 0 0 0 0 2 1 0 0 0 0 0 0 0 0 0 0 0 0 0 0 0 0 0 0 2 1 0 0 0 0 0 0 0 0 0 0 0 0 0 0 0 0 0 0 2 1 0 0 0 0 0 0 0 0 0 0 0 0 0 0 0 0 0 0 2 1 0 0 0 0 0 0 0 0 0 0 0 0 0 0 0 0 0 0 2 1 0 0 0 0 0 0 0 0 0 0 0 0 0 0 0 0 0 0 2 1 0 0 0 0 0 0 0 0 0 0 0 0 0 0 0 0 0 0 2 1 0 0 0 0 0 0 0 0 0 0 0 0 0 0 0 0 0 0 2 1 0 0 0 0 0 0 0 0 0 0 0 0 0 0 0 0 0 0 2 ];
